13526847
13527468
13527486
13528647
13572468
13572486
13572648
13572684
13572846
13572864
13574268
13574286
13574628
13574682
13574826
13574862
13582647
13582746
13584627
13584726
13586247
13586274
13586427
13586472
13624758
13624857
13625748
13625847
13627485
13627584
13628475
13628574
13642758
13642857
13647258
13647285
13647528
13647582
13648257
13648275
13648527
13648572
13682475
13682574
13684257
13684275
13684725
13684752
13685247
13685274
13685724
13685742
13724685
13725846
13725864
13726485
13742586
13742685
13746258
13746285
13746825
13746852
13748526
13748625
13752468
13752486
13752648
13752684
13752846
13752864
13758246
13758264
13758426
13758462
13758624
13758642
13825746
13826475
13846257
13846275
13847526
13852647
13852746
13857246
13857264
13857426
13857462
13862475
13862574
13864257
13864275
13864725
13864752
14257368
14257386
14258637
14263758
14263857
14268357
14268375
14268537
14268573
14273586
14273685
14275368
14275386
14275836
14275863
14285736
14286357
14286375
14625738
14625837
14627358
14627385
14627538
14627583
14628357
14628375
14628537
14628573
14635728
14635827
14637258
14637285
14637528
14637582
14638257
14638275
14638527
14638572
14682537
14682573
14682735
14682753
14683527
14683572
14683725
14683752
14685273
14685372
14725368
14725386
14725836
14725863
14726358
14726385
14726835
14726853
14728536
14728635
14735268
14735286
14735826
14735862
14736258
14736285
14736825
14736852
14738526
14738625
14752638
14752683
14752836
14752863
14753628
14753682
14753826
14753862
14758263
14758362
14825736
14826357
14826375
14827536
14835726
14836257
14836275
14837526
14852637
14852736
14853627
14853726
14857263
14857362
14862537
14862573
14862735
14862753
14863527
14863572
14863725
14863752
15246837
15247368
15247386
15248637
15263748
15263847
15264738
15264837
15268374
15268473
15273648
15273684
15273846
15273864
15274638
15274683
15274836
15274863
15283647
15283746
15284637
15284736
15286374
15286473
15362748
15362847
15364728
15364827
15368247
15368274
15368427
15368472
15372468
15372486
15372648
15372684
15372846
15372864
15374268
15374286
15374628
15374682
15374826
15374862
15382647
15382746
15384627
15384726
15386247
15386274
15386427
15386472
15724638
15724683
15724836
15724863
15726384
15726483
15728364
15728463
15736248
15736284
15736428
15736482
15736824
15736842
15738246
15738264
15738426
15738462
15738624
15738642
15742638
15742683
15742836
15742863
15746283
15746382
15748263
15748362
15824637
15824736
15826374
15826473
15827364
15827463
15836247
15836274
15836427
15836472
15837246
15837264
15837426
15837462
15842637
15842736
15846273
15846372
15847263
15847362
15862473
15863724
15863742
15864273
16247358
16247385
16247538
16247583
16248357
16248375
16248537
16248573
16253748
16253847
16257384
16257483
16258374
16258473
16273584
16274835
16274853
16275384
16283574
16284735
16284753
16285374
16352748
16352847
16357248
16357284
16357428
16357482
16358247
16358274
16358427
16358472
16372485
16372584
16374258
16374285
16374825
16374852
16375248
16375284
16375824
16375842
16382475
16382574
16384257
16384275
16384725
16384752
16385247
16385274
16385724
16385742
16425738
16425837
16427358
16427385
16427538
16427583
16428357
16428375
16428537
16428573
16472538
16472583
16472835
16472853
16473528
16473582
16473825
16473852
16475283
16475382
16482537
16482573
16482735
16482753
16483527
16483572
16483725
16483752
16485273
16485372
16824735
16824753
16825374
16835247
16835274
16835724
16835742
16837425
16837524
16842537
16842573
16842735
16842753
16847253
16847352
16852473
16853724
16853742
17246358
17246385
17246835
17246853
17248536
17248635
17253648
17253684
17253846
17253864
17258364
17258463
17263584
17264835
17264853
17284635
17285364
17352468
17352486
17352648
17352684
17352846
17352864
17358246
17358264
17358426
17358462
17358624
17358642
17362485
17362584
17364258
17364285
17364825
17364852
17368425
17368524
17384625
17385246
17385264
17386425
17425368
17425386
17425836
17425863
17426358
17426385
17426835
17426853
17428536
17428635
17462538
17462583
17462835
17462853
17463528
17463582
17463825
17463852
17468253
17468352
17482536
17482635
17483526
17483625
17485263
17485362
17486253
17486352
17524638
17524683
17524836
17524863
17526384
17526483
17528364
17528463
17536248
17536284
17536428
17536482
17536824
17536842
17538246
17538264
17538426
17538462
17538624
17538642
17582463
17583624
17583642
17584263
18246357
18246375
18247536
18253647
18253746
18257364
18257463
18263574
18264735
18264753
18274635
18275364
18352647
18352746
18357246
18357264
18357426
18357462
18362475
18362574
18364257
18364275
18364725
18364752
18374625
18375246
18375264
18425736
18426357
18426375
18427536
18462537
18462573
18462735
18462753
18463527
18463572
18463725
18463752
18472536
18472635
18473526
18473625
18475263
18475362
18524637
18524736
18526374
18526473
18527364
18527463
18536247
18536274
18536427
18536472
18537246
18537264
18537426
18537462
18572463
18573624
18573642
18574263
18624735
18624753
18625374
18635247
18635274
18635724
18635742
18637425
18637524
18642537
18642573
18642735
18642753
18647253
18647352
24136857
24137586
24157368
24157386
24158637
24163758
24163857
24168357
24168375
24168537
24168573
24173586
24173685
24175368
24175386
24175836
24175863
24185736
24186357
24186375
24613758
24613857
24615738
24615837
24617358
24617385
24617538
24617583
24618357
24618375
24618537
24618573
24631758
24631857
24635718
24635817
24637158
24637185
24637518
24637581
24638157
24638175
24638517
24638571
24681357
24681375
24681537
24681573
24681735
24681753
24683157
24683175
24683517
24683571
24683715
24683751
24685137
24685173
24685317
24685371
24685713
24685731
24713586
24713685
24715368
24715386
24715836
24715863
24716358
24716385
24716835
24716853
24718536
24718635
24731586
24731685
24735168
24735186
24735816
24735861
24736158
24736185
24736815
24736851
24738516
24738615
24751368
24751386
24751638
24751683
24751836
24751863
24753168
24753186
24753618
24753681
24753816
24753861
24758136
24758163
24758316
24758361
24758613
24758631
24815736
24816357
24816375
24817536
24835716
24836157
24836175
24837516
24851637
24851736
24853617
24853716
24857136
24857163
24857316
24857361
24861357
24861375
24861537
24861573
24861735
24861753
24863157
24863175
24863517
24863571
24863715
24863751
25136847
25137468
25137486
25138647
25146837
25147368
25147386
25148637
25163748
25163847
25164738
25164837
25168374
25168473
25173648
25173684
25173846
25173864
25174638
25174683
25174836
25174863
25183647
25183746
25184637
25184736
25186374
25186473
25316847
25317468
25317486
25318647
25361748
25361847
25364718
25364817
25368147
25368174
25368417
25368471
25371468
25371486
25371648
25371684
25371846
25371864
25374168
25374186
25374618
25374681
25374816
25374861
25381647
25381746
25384617
25384716
25386147
25386174
25386417
25386471
25713648
25713684
25713846
25713864
25714638
25714683
25714836
25714863
25716384
25716483
25718364
25718463
25731468
25731486
25731648
25731684
25731846
25731864
25736148
25736184
25736418
25736481
25736814
25736841
25738146
25738164
25738416
25738461
25738614
25738641
25741368
25741386
25741638
25741683
25741836
25741863
25746138
25746183
25746318
25746381
25746813
25746831
25748136
25748163
25748316
25748361
25748613
25748631
25813647
25813746
25814637
25814736
25816374
25816473
25817364
25817463
25831647
25831746
25836147
25836174
25836417
25836471
25837146
25837164
25837416
25837461
25841637
25841736
25846137
25846173
25846317
25846371
25847136
25847163
25847316
25847361
25861374
25861473
25863147
25863174
25863714
25863741
25864137
25864173
25864713
25864731
26135748
26135847
26137485
26137584
26138475
26138574
26147358
26147385
26147538
26147583
26148357
26148375
26148537
26148573
26153748
26153847
26157384
26157483
26158374
26158473
26173584
26174835
26174853
26175384
26183574
26184735
26184753
26185374
26314758
26314857
26315748
26315847
26317485
26317584
26318475
26318574
26351748
26351847
26357148
26357184
26357418
26357481
26358147
26358174
26358417
26358471
26371485
26371584
26374158
26374185
26374815
26374851
26375148
26375184
26375814
26375841
26381475
26381574
26384157
26384175
26384715
26384751
26385147
26385174
26385714
26385741
26413758
26413857
26415738
26415837
26417358
26417385
26417538
26417583
26418357
26418375
26418537
26418573
26471358
26471385
26471538
26471583
26471835
26471853
26473158
26473185
26473518
26473581
26473815
26473851
26475138
26475183
26475318
26475381
26475813
26475831
26481357
26481375
26481537
26481573
26481735
26481753
26483157
26483175
26483517
26483571
26483715
26483751
26485137
26485173
26485317
26485371
26485713
26485731
26813574
26814735
26814753
26815374
26831475
26831574
26835147
26835174
26835714
26835741
26837415
26837514
26841357
26841375
26841537
26841573
26841735
26841753
26847135
26847153
26847315
26847351
26847513
26847531
26851374
26851473
26853147
26853174
26853714
26853741
26857314
26857413
27135846
27135864
27136485
27146358
27146385
27146835
27146853
27148536
27148635
27153648
27153684
27153846
27153864
27158364
27158463
27163584
27164835
27164853
27184635
27185364
27314685
27315846
27315864
27316485
27351468
27351486
27351648
27351684
27351846
27351864
27358146
27358164
27358416
27358461
27358614
27358641
27361485
27361584
27364158
27364185
27364815
27364851
27368415
27368514
27384615
27385146
27385164
27386415
27413586
27413685
27415368
27415386
27415836
27415863
27416358
27416385
27416835
27416853
27418536
27418635
27461358
27461385
27461538
27461583
27461835
27461853
27463158
27463185
27463518
27463581
27463815
27463851
27468135
27468153
27468315
27468351
27468513
27468531
27481536
27481635
27483516
27483615
27485136
27485163
27485316
27485361
27486135
27486153
27486315
27486351
27513648
27513684
27513846
27513864
27514638
27514683
27514836
27514863
27516384
27516483
27518364
27518463
27531468
27531486
27531648
27531684
27531846
27531864
27536148
27536184
27536418
27536481
27536814
27536841
27538146
27538164
27538416
27538461
27538614
27538641
27581364
27581463
27583146
27583164
27583614
27583641
27584136
27584163
27584613
27584631
27586314
27586413
28135746
28136475
28146357
28146375
28147536
28153647
28153746
28157364
28157463
28163574
28164735
28164753
28174635
28175364
28315746
28316475
28351647
28351746
28357146
28357164
28357416
28357461
28361475
28361574
28364157
28364175
28364715
28364751
28374615
28375146
28375164
28415736
28416357
28416375
28417536
28461357
28461375
28461537
28461573
28461735
28461753
28463157
28463175
28463517
28463571
28463715
28463751
28471536
28471635
28473516
28473615
28475136
28475163
28475316
28475361
28513647
28513746
28514637
28514736
28516374
28516473
28517364
28517463
28531647
28531746
28536147
28536174
28536417
28536471
28537146
28537164
28537416
28537461
28571364
28571463
28573146
28573164
28573614
28573641
28574136
28574163
28574613
28574631
28613574
28614735
28614753
28615374
28631475
28631574
28635147
28635174
28635714
28635741
28637415
28637514
28641357
28641375
28641537
28641573
28641735
28641753
28647135
28647153
28647315
28647351
28647513
28647531
31426857
31427586
31462758
31462857
31468257
31468275
31468527
31468572
31472586
31472685
31475268
31475286
31475826
31475862
31485726
31486257
31486275
31526847
31527468
31527486
31528647
31572468
31572486
31572648
31572684
31572846
31572864
31574268
31574286
31574628
31574682
31574826
31574862
31582647
31582746
31584627
31584726
31586247
31586274
31586427
31586472
31624758
31624857
31625748
31625847
31627485
31627584
31628475
31628574
31642758
31642857
31647258
31647285
31647528
31647582
31648257
31648275
31648527
31648572
31682475
31682574
31684257
31684275
31684725
31684752
31685247
31685274
31685724
31685742
31724685
31725846
31725864
31726485
31742586
31742685
31746258
31746285
31746825
31746852
31748526
31748625
31752468
31752486
31752648
31752684
31752846
31752864
31758246
31758264
31758426
31758462
31758624
31758642
31825746
31826475
31846257
31846275
31847526
31852647
31852746
31857246
31857264
31857426
31857462
31862475
31862574
31864257
31864275
31864725
31864752
35146827
35147268
35147286
35148627
35162748
35162847
35164728
35164827
35168247
35168274
35168427
35168472
35172468
35172486
35172648
35172684
35172846
35172864
35174268
35174286
35174628
35174682
35174826
35174862
35182647
35182746
35184627
35184726
35186247
35186274
35186427
35186472
35246817
35247168
35247186
35248617
35261748
35261847
35264718
35264817
35268147
35268174
35268417
35268471
35271468
35271486
35271648
35271684
35271846
35271864
35274168
35274186
35274618
35274681
35274816
35274861
35281647
35281746
35284617
35284716
35286147
35286174
35286417
35286471
35714268
35714286
35714628
35714682
35714826
35714862
35716248
35716284
35716428
35716482
35716824
35716842
35718246
35718264
35718426
35718462
35718624
35718642
35724168
35724186
35724618
35724681
35724816
35724861
35726148
35726184
35726418
35726481
35726814
35726841
35728146
35728164
35728416
35728461
35728614
35728641
35741628
35741682
35741826
35741862
35742618
35742681
35742816
35742861
35746182
35746281
35748162
35748261
35814627
35814726
35816247
35816274
35816427
35816472
35817246
35817264
35817426
35817462
35824617
35824716
35826147
35826174
35826417
35826471
35827146
35827164
35827416
35827461
35841627
35841726
35842617
35842716
35846172
35846271
35847162
35847261
35861427
35861472
35861724
35861742
35862417
35862471
35862714
35862741
35864172
35864271
36142758
36142857
36147258
36147285
36147528
36147582
36148257
36148275
36148527
36148572
36152748
36152847
36157248
36157284
36157428
36157482
36158247
36158274
36158427
36158472
36172485
36172584
36174258
36174285
36174825
36174852
36175248
36175284
36175824
36175842
36182475
36182574
36184257
36184275
36184725
36184752
36185247
36185274
36185724
36185742
36241758
36241857
36247158
36247185
36247518
36247581
36248157
36248175
36248517
36248571
36251748
36251847
36257148
36257184
36257418
36257481
36258147
36258174
36258417
36258471
36271485
36271584
36274158
36274185
36274815
36274851
36275148
36275184
36275814
36275841
36281475
36281574
36284157
36284175
36284715
36284751
36285147
36285174
36285714
36285741
36415728
36415827
36417258
36417285
36417528
36417582
36418257
36418275
36418527
36418572
36425718
36425817
36427158
36427185
36427518
36427581
36428157
36428175
36428517
36428571
36471528
36471582
36471825
36471852
36472518
36472581
36472815
36472851
36475182
36475281
36481527
36481572
36481725
36481752
36482517
36482571
36482715
36482751
36485172
36485271
36814257
36814275
36814725
36814752
36815247
36815274
36815724
36815742
36817425
36817524
36824157
36824175
36824715
36824751
36825147
36825174
36825714
36825741
36827415
36827514
36841527
36841572
36841725
36841752
36842517
36842571
36842715
36842751
36847152
36847251
36851427
36851472
36851724
36851742
36852417
36852471
36852714
36852741
36857142
36857241
37142586
37142685
37146258
37146285
37146825
37146852
37148526
37148625
37152468
37152486
37152648
37152684
37152846
37152864
37158246
37158264
37158426
37158462
37158624
37158642
37162485
37162584
37164258
37164285
37164825
37164852
37168425
37168524
37184625
37185246
37185264
37186425
37241586
37241685
37246158
37246185
37246815
37246851
37248516
37248615
37251468
37251486
37251648
37251684
37251846
37251864
37258146
37258164
37258416
37258461
37258614
37258641
37261485
37261584
37264158
37264185
37264815
37264851
37268415
37268514
37284615
37285146
37285164
37286415
37415268
37415286
37415826
37415862
37416258
37416285
37416825
37416852
37418526
37418625
37425168
37425186
37425816
37425861
37426158
37426185
37426815
37426851
37428516
37428615
37461528
37461582
37461825
37461852
37462518
37462581
37462815
37462851
37468152
37468251
37481526
37481625
37482516
37482615
37485162
37485261
37486152
37486251
37514268
37514286
37514628
37514682
37514826
37514862
37516248
37516284
37516428
37516482
37516824
37516842
37518246
37518264
37518426
37518462
37518624
37518642
37524168
37524186
37524618
37524681
37524816
37524861
37526148
37526184
37526418
37526481
37526814
37526841
37528146
37528164
37528416
37528461
37528614
37528641
37581426
37581462
37581624
37581642
37582416
37582461
37582614
37582641
37584162
37584261
37586142
37586241
38146257
38146275
38147526
38152647
38152746
38157246
38157264
38157426
38157462
38162475
38162574
38164257
38164275
38164725
38164752
38174625
38175246
38175264
38246157
38246175
38247516
38251647
38251746
38257146
38257164
38257416
38257461
38261475
38261574
38264157
38264175
38264715
38264751
38274615
38275146
38275164
38415726
38416257
38416275
38417526
38425716
38426157
38426175
38427516
38461527
38461572
38461725
38461752
38462517
38462571
38462715
38462751
38471526
38471625
38472516
38472615
38475162
38475261
38514627
38514726
38516247
38516274
38516427
38516472
38517246
38517264
38517426
38517462
38524617
38524716
38526147
38526174
38526417
38526471
38527146
38527164
38527416
38527461
38571426
38571462
38571624
38571642
38572416
38572461
38572614
38572641
38574162
38574261
38614257
38614275
38614725
38614752
38615247
38615274
38615724
38615742
38617425
38617524
38624157
38624175
38624715
38624751
38625147
38625174
38625714
38625741
38627415
38627514
38641527
38641572
38641725
38641752
38642517
38642571
38642715
38642751
38647152
38647251
41357268
41357286
41358627
41362758
41362857
41368257
41368275
41368527
41368572
41372586
41372685
41375268
41375286
41375826
41375862
41385726
41386257
41386275
41526837
41527368
41527386
41528637
41536827
41537268
41537286
41538627
41572638
41572683
41572836
41572863
41573628
41573682
41573826
41573862
41582637
41582736
41583627
41583726
41586273
41586372
41625738
41625837
41627358
41627385
41627538
41627583
41628357
41628375
41628537
41628573
41635728
41635827
41637258
41637285
41637528
41637582
41638257
41638275
41638527
41638572
41682537
41682573
41682735
41682753
41683527
41683572
41683725
41683752
41685273
41685372
41725368
41725386
41725836
41725863
41726358
41726385
41726835
41726853
41728536
41728635
41735268
41735286
41735826
41735862
41736258
41736285
41736825
41736852
41738526
41738625
41752638
41752683
41752836
41752863
41753628
41753682
41753826
41753862
41758263
41758362
41825736
41826357
41826375
41827536
41835726
41836257
41836275
41837526
41852637
41852736
41853627
41853726
41857263
41857362
41862537
41862573
41862735
41862753
41863527
41863572
41863725
41863752
42516837
42517368
42517386
42518637
42536817
42537168
42537186
42538617
42571368
42571386
42571638
42571683
42571836
42571863
42573168
42573186
42573618
42573681
42573816
42573861
42581637
42581736
42583617
42583716
42586137
42586173
42586317
42586371
42613758
42613857
42615738
42615837
42617358
42617385
42617538
42617583
42618357
42618375
42618537
42618573
42631758
42631857
42635718
42635817
42637158
42637185
42637518
42637581
42638157
42638175
42638517
42638571
42681357
42681375
42681537
42681573
42681735
42681753
42683157
42683175
42683517
42683571
42683715
42683751
42685137
42685173
42685317
42685371
42685713
42685731
42713586
42713685
42715368
42715386
42715836
42715863
42716358
42716385
42716835
42716853
42718536
42718635
42731586
42731685
42735168
42735186
42735816
42735861
42736158
42736185
42736815
42736851
42738516
42738615
42751368
42751386
42751638
42751683
42751836
42751863
42753168
42753186
42753618
42753681
42753816
42753861
42758136
42758163
42758316
42758361
42758613
42758631
42815736
42816357
42816375
42817536
42835716
42836157
42836175
42837516
42851637
42851736
42853617
42853716
42857136
42857163
42857316
42857361
42861357
42861375
42861537
42861573
42861735
42861753
42863157
42863175
42863517
42863571
42863715
42863751
46135728
46135827
46137258
46137285
46137528
46137582
46138257
46138275
46138527
46138572
46152738
46152837
46153728
46153827
46157283
46157382
46158273
46158372
46172538
46172583
46172835
46172853
46173528
46173582
46173825
46173852
46175283
46175382
46182537
46182573
46182735
46182753
46183527
46183572
46183725
46183752
46185273
46185372
46251738
46251837
46253718
46253817
46257138
46257183
46257318
46257381
46258137
46258173
46258317
46258371
46271358
46271385
46271538
46271583
46271835
46271853
46273158
46273185
46273518
46273581
46273815
46273851
46275138
46275183
46275318
46275381
46275813
46275831
46281357
46281375
46281537
46281573
46281735
46281753
46283157
46283175
46283517
46283571
46283715
46283751
46285137
46285173
46285317
46285371
46285713
46285731
46315728
46315827
46317258
46317285
46317528
46317582
46318257
46318275
46318527
46318572
46351728
46351827
46352718
46352817
46357182
46357281
46358172
46358271
46371528
46371582
46371825
46371852
46372518
46372581
46372815
46372851
46375182
46375281
46381527
46381572
46381725
46381752
46382517
46382571
46382715
46382751
46385172
46385271
46813527
46813572
46813725
46813752
46815273
46815372
46817253
46817352
46825137
46825173
46825317
46825371
46825713
46825731
46827135
46827153
46827315
46827351
46827513
46827531
46831527
46831572
46831725
46831752
46835172
46835271
46837152
46837251
46851372
46852713
46852731
46853172
47135268
47135286
47135826
47135862
47136258
47136285
47136825
47136852
47138526
47138625
47152638
47152683
47152836
47152863
47153628
47153682
47153826
47153862
47158263
47158362
47162538
47162583
47162835
47162853
47163528
47163582
47163825
47163852
47168253
47168352
47182536
47182635
47183526
47183625
47185263
47185362
47186253
47186352
47251368
47251386
47251638
47251683
47251836
47251863
47253168
47253186
47253618
47253681
47253816
47253861
47258136
47258163
47258316
47258361
47258613
47258631
47261358
47261385
47261538
47261583
47261835
47261853
47263158
47263185
47263518
47263581
47263815
47263851
47268135
47268153
47268315
47268351
47268513
47268531
47281536
47281635
47283516
47283615
47285136
47285163
47285316
47285361
47286135
47286153
47286315
47286351
47315268
47315286
47315826
47315862
47316258
47316285
47316825
47316852
47318526
47318625
47351628
47351682
47351826
47351862
47352618
47352681
47352816
47352861
47358162
47358261
47361528
47361582
47361825
47361852
47362518
47362581
47362815
47362851
47368152
47368251
47381526
47381625
47382516
47382615
47385162
47385261
47386152
47386251
47513628
47513682
47513826
47513862
47516283
47516382
47518263
47518362
47526138
47526183
47526318
47526381
47526813
47526831
47528136
47528163
47528316
47528361
47528613
47528631
47531628
47531682
47531826
47531862
47536182
47536281
47538162
47538261
47581362
47582613
47582631
47583162
48135726
48136257
48136275
48137526
48152637
48152736
48153627
48153726
48157263
48157362
48162537
48162573
48162735
48162753
48163527
48163572
48163725
48163752
48172536
48172635
48173526
48173625
48175263
48175362
48251637
48251736
48253617
48253716
48257136
48257163
48257316
48257361
48261357
48261375
48261537
48261573
48261735
48261753
48263157
48263175
48263517
48263571
48263715
48263751
48271536
48271635
48273516
48273615
48275136
48275163
48275316
48275361
48315726
48316257
48316275
48317526
48351627
48351726
48352617
48352716
48357162
48357261
48361527
48361572
48361725
48361752
48362517
48362571
48362715
48362751
48371526
48371625
48372516
48372615
48375162
48375261
48513627
48513726
48516273
48516372
48517263
48517362
48526137
48526173
48526317
48526371
48527136
48527163
48527316
48527361
48531627
48531726
48536172
48536271
48537162
48537261
48571362
48572613
48572631
48573162
48613527
48613572
48613725
48613752
48615273
48615372
48617253
48617352
48625137
48625173
48625317
48625371
48625713
48625731
48627135
48627153
48627315
48627351
48627513
48627531
48631527
48631572
48631725
48631752
48635172
48635271
48637152
48637251
51362748
51362847
51364728
51364827
51368247
51368274
51368427
51368472
51372468
51372486
51372648
51372684
51372846
51372864
51374268
51374286
51374628
51374682
51374826
51374862
51382647
51382746
51384627
51384726
51386247
51386274
51386427
51386472
51426837
51427368
51427386
51428637
51462738
51462837
51463728
51463827
51468273
51468372
51472638
51472683
51472836
51472863
51473628
51473682
51473826
51473862
51482637
51482736
51483627
51483726
51486273
51486372
51624738
51624837
51627384
51627483
51628374
51628473
51637248
51637284
51637428
51637482
51638247
51638274
51638427
51638472
51642738
51642837
51647283
51647382
51648273
51648372
51682473
51683724
51683742
51684273
51724638
51724683
51724836
51724863
51726384
51726483
51728364
51728463
51736248
51736284
51736428
51736482
51736824
51736842
51738246
51738264
51738426
51738462
51738624
51738642
51742638
51742683
51742836
51742863
51746283
51746382
51748263
51748362
51824637
51824736
51826374
51826473
51827364
51827463
51836247
51836274
51836427
51836472
51837246
51837264
51837426
51837462
51842637
51842736
51846273
51846372
51847263
51847362
51862473
51863724
51863742
51864273
52416837
52417368
52417386
52418637
52461738
52461837
52463718
52463817
52468137
52468173
52468317
52468371
52471368
52471386
52471638
52471683
52471836
52471863
52473168
52473186
52473618
52473681
52473816
52473861
52481637
52481736
52483617
52483716
52486137
52486173
52486317
52486371
52613748
52613847
52614738
52614837
52617384
52617483
52618374
52618473
52631748
52631847
52637148
52637184
52637418
52637481
52638147
52638174
52638417
52638471
52641738
52641837
52647138
52647183
52647318
52647381
52648137
52648173
52648317
52648371
52681374
52681473
52683147
52683174
52683714
52683741
52684137
52684173
52684713
52684731
52713648
52713684
52713846
52713864
52714638
52714683
52714836
52714863
52716384
52716483
52718364
52718463
52731468
52731486
52731648
52731684
52731846
52731864
52736148
52736184
52736418
52736481
52736814
52736841
52738146
52738164
52738416
52738461
52738614
52738641
52741368
52741386
52741638
52741683
52741836
52741863
52746138
52746183
52746318
52746381
52746813
52746831
52748136
52748163
52748316
52748361
52748613
52748631
52813647
52813746
52814637
52814736
52816374
52816473
52817364
52817463
52831647
52831746
52836147
52836174
52836417
52836471
52837146
52837164
52837416
52837461
52841637
52841736
52846137
52846173
52846317
52846371
52847136
52847163
52847316
52847361
52861374
52861473
52863147
52863174
52863714
52863741
52864137
52864173
52864713
52864731
53146827
53147268
53147286
53148627
53162748
53162847
53164728
53164827
53168247
53168274
53168427
53168472
53172468
53172486
53172648
53172684
53172846
53172864
53174268
53174286
53174628
53174682
53174826
53174862
53182647
53182746
53184627
53184726
53186247
53186274
53186427
53186472
53614728
53614827
53617248
53617284
53617428
53617482
53618247
53618274
53618427
53618472
53624718
53624817
53627148
53627184
53627418
53627481
53628147
53628174
53628417
53628471
53641728
53641827
53642718
53642817
53647182
53647281
53648172
53648271
53681427
53681472
53681724
53681742
53682417
53682471
53682714
53682741
53684172
53684271
53714268
53714286
53714628
53714682
53714826
53714862
53716248
53716284
53716428
53716482
53716824
53716842
53718246
53718264
53718426
53718462
53718624
53718642
53724168
53724186
53724618
53724681
53724816
53724861
53726148
53726184
53726418
53726481
53726814
53726841
53728146
53728164
53728416
53728461
53728614
53728641
53741628
53741682
53741826
53741862
53742618
53742681
53742816
53742861
53746182
53746281
53748162
53748261
53814627
53814726
53816247
53816274
53816427
53816472
53817246
53817264
53817426
53817462
53824617
53824716
53826147
53826174
53826417
53826471
53827146
53827164
53827416
53827461
53841627
53841726
53842617
53842716
53846172
53846271
53847162
53847261
53861427
53861472
53861724
53861742
53862417
53862471
53862714
53862741
53864172
53864271
57136248
57136284
57136428
57136482
57136824
57136842
57138246
57138264
57138426
57138462
57138624
57138642
57142638
57142683
57142836
57142863
57146283
57146382
57148263
57148362
57162483
57163824
57163842
57164283
57182463
57183624
57183642
57184263
57241368
57241386
57241638
57241683
57241836
57241863
57246138
57246183
57246318
57246381
57246813
57246831
57248136
57248163
57248316
57248361
57248613
57248631
57261384
57261483
57263148
57263184
57263814
57263841
57264138
57264183
57264813
57264831
57268314
57268413
57281364
57281463
57283146
57283164
57283614
57283641
57284136
57284163
57284613
57284631
57286314
57286413
57314268
57314286
57314628
57314682
57314826
57314862
57316248
57316284
57316428
57316482
57316824
57316842
57318246
57318264
57318426
57318462
57318624
57318642
57361428
57361482
57361824
57361842
57362418
57362481
57362814
57362841
57364182
57364281
57368142
57368241
57381426
57381462
57381624
57381642
57382416
57382461
57382614
57382641
57384162
57384261
57386142
57386241
57413628
57413682
57413826
57413862
57416283
57416382
57418263
57418362
57426138
57426183
57426318
57426381
57426813
57426831
57428136
57428163
57428316
57428361
57428613
57428631
57461382
57462813
57462831
57463182
57481362
57482613
57482631
57483162
58136247
58136274
58136427
58136472
58137246
58137264
58137426
58137462
58142637
58142736
58146273
58146372
58147263
58147362
58162473
58163724
58163742
58164273
58172463
58173624
58173642
58174263
58241637
58241736
58246137
58246173
58246317
58246371
58247136
58247163
58247316
58247361
58261374
58261473
58263147
58263174
58263714
58263741
58264137
58264173
58264713
58264731
58271364
58271463
58273146
58273164
58273614
58273641
58274136
58274163
58274613
58274631
58314627
58314726
58316247
58316274
58316427
58316472
58317246
58317264
58317426
58317462
58361427
58361472
58361724
58361742
58362417
58362471
58362714
58362741
58364172
58364271
58371426
58371462
58371624
58371642
58372416
58372461
58372614
58372641
58374162
58374261
58413627
58413726
58416273
58416372
58417263
58417362
58426137
58426173
58426317
58426371
58427136
58427163
58427316
58427361
58461372
58462713
58462731
58463172
58471362
58472613
58472631
58473162
58613724
58613742
58614273
58624137
58624173
58624713
58624731
58627314
58627413
58631427
58631472
58631724
58631742
58637142
58637241
58641372
58642713
58642731
61352748
61352847
61357248
61357284
61357428
61357482
61358247
61358274
61358427
61358472
61372485
61372584
61374258
61374285
61374825
61374852
61375248
61375284
61375824
61375842
61382475
61382574
61384257
61384275
61384725
61384752
61385247
61385274
61385724
61385742
61425738
61425837
61427358
61427385
61427538
61427583
61428357
61428375
61428537
61428573
61472538
61472583
61472835
61472853
61473528
61473582
61473825
61473852
61475283
61475382
61482537
61482573
61482735
61482753
61483527
61483572
61483725
61483752
61485273
61485372
61524738
61524837
61527384
61527483
61528374
61528473
61537248
61537284
61537428
61537482
61538247
61538274
61538427
61538472
61572483
61573824
61573842
61574283
61582473
61583724
61583742
61584273
61724835
61724853
61725384
61735248
61735284
61735824
61735842
61738425
61738524
61742538
61742583
61742835
61742853
61748253
61748352
61752483
61753824
61753842
61824735
61824753
61825374
61835247
61835274
61835724
61835742
61837425
61837524
61842537
61842573
61842735
61842753
61847253
61847352
61852473
61853724
61853742
62413758
62413857
62415738
62415837
62417358
62417385
62417538
62417583
62418357
62418375
62418537
62418573
62471358
62471385
62471538
62471583
62471835
62471853
62473158
62473185
62473518
62473581
62473815
62473851
62475138
62475183
62475318
62475381
62475813
62475831
62481357
62481375
62481537
62481573
62481735
62481753
62483157
62483175
62483517
62483571
62483715
62483751
62485137
62485173
62485317
62485371
62485713
62485731
62513748
62513847
62514738
62514837
62517384
62517483
62518374
62518473
62531748
62531847
62537148
62537184
62537418
62537481
62538147
62538174
62538417
62538471
62571384
62571483
62573148
62573184
62573814
62573841
62574138
62574183
62574813
62574831
62581374
62581473
62583147
62583174
62583714
62583741
62584137
62584173
62584713
62584731
62713584
62714835
62714853
62715384
62731485
62731584
62735148
62735184
62735814
62735841
62738415
62738514
62741358
62741385
62741538
62741583
62741835
62741853
62748135
62748153
62748315
62748351
62748513
62748531
62751384
62751483
62753148
62753184
62753814
62753841
62758314
62758413
62813574
62814735
62814753
62815374
62831475
62831574
62835147
62835174
62835714
62835741
62837415
62837514
62841357
62841375
62841537
62841573
62841735
62841753
62847135
62847153
62847315
62847351
62847513
62847531
62851374
62851473
62853147
62853174
62853714
62853741
62857314
62857413
63142758
63142857
63147258
63147285
63147528
63147582
63148257
63148275
63148527
63148572
63152748
63152847
63157248
63157284
63157428
63157482
63158247
63158274
63158427
63158472
63172485
63172584
63174258
63174285
63174825
63174852
63175248
63175284
63175824
63175842
63182475
63182574
63184257
63184275
63184725
63184752
63185247
63185274
63185724
63185742
63514728
63514827
63517248
63517284
63517428
63517482
63518247
63518274
63518427
63518472
63524718
63524817
63527148
63527184
63527418
63527481
63528147
63528174
63528417
63528471
63571428
63571482
63571824
63571842
63572418
63572481
63572814
63572841
63574182
63574281
63581427
63581472
63581724
63581742
63582417
63582471
63582714
63582741
63584172
63584271
63714258
63714285
63714825
63714852
63715248
63715284
63715824
63715842
63718425
63718524
63724158
63724185
63724815
63724851
63725148
63725184
63725814
63725841
63728415
63728514
63741528
63741582
63741825
63741852
63742518
63742581
63742815
63742851
63748152
63748251
63751428
63751482
63751824
63751842
63752418
63752481
63752814
63752841
63758142
63758241
63814257
63814275
63814725
63814752
63815247
63815274
63815724
63815742
63817425
63817524
63824157
63824175
63824715
63824751
63825147
63825174
63825714
63825741
63827415
63827514
63841527
63841572
63841725
63841752
63842517
63842571
63842715
63842751
63847152
63847251
63851427
63851472
63851724
63851742
63852417
63852471
63852714
63852741
63857142
63857241
64135728
64135827
64137258
64137285
64137528
64137582
64138257
64138275
64138527
64138572
64152738
64152837
64153728
64153827
64157283
64157382
64158273
64158372
64172538
64172583
64172835
64172853
64173528
64173582
64173825
64173852
64175283
64175382
64182537
64182573
64182735
64182753
64183527
64183572
64183725
64183752
64185273
64185372
64251738
64251837
64253718
64253817
64257138
64257183
64257318
64257381
64258137
64258173
64258317
64258371
64271358
64271385
64271538
64271583
64271835
64271853
64273158
64273185
64273518
64273581
64273815
64273851
64275138
64275183
64275318
64275381
64275813
64275831
64281357
64281375
64281537
64281573
64281735
64281753
64283157
64283175
64283517
64283571
64283715
64283751
64285137
64285173
64285317
64285371
64285713
64285731
64713528
64713582
64713825
64713852
64715283
64715382
64718253
64718352
64725138
64725183
64725318
64725381
64725813
64725831
64728135
64728153
64728315
64728351
64728513
64728531
64731528
64731582
64731825
64731852
64735182
64735281
64738152
64738251
64751382
64752813
64752831
64753182
64813527
64813572
64813725
64813752
64815273
64815372
64817253
64817352
64825137
64825173
64825317
64825371
64825713
64825731
64827135
64827153
64827315
64827351
64827513
64827531
64831527
64831572
64831725
64831752
64835172
64835271
64837152
64837251
64851372
64852713
64852731
64853172
68135247
68135274
68135724
68135742
68137425
68137524
68142537
68142573
68142735
68142753
68147253
68147352
68152473
68153724
68153742
68173524
68174253
68241357
68241375
68241537
68241573
68241735
68241753
68247135
68247153
68247315
68247351
68247513
68247531
68251374
68251473
68253147
68253174
68253714
68253741
68257314
68257413
68273514
68274135
68274153
68275314
68314257
68314275
68314725
68314752
68315247
68315274
68315724
68315742
68317425
68317524
68351427
68351472
68351724
68351742
68352417
68352471
68352714
68352741
68357142
68357241
68371425
68371524
68372415
68372514
68374152
68374251
68375142
68375241
68413527
68413572
68413725
68413752
68415273
68415372
68417253
68417352
68425137
68425173
68425317
68425371
68425713
68425731
68427135
68427153
68427315
68427351
68427513
68427531
68471352
68472513
68472531
68473152
68513724
68513742
68514273
68524137
68524173
68524713
68524731
68527314
68527413
68531427
68531472
68531724
68531742
68537142
68537241
68572413
68573142
71352468
71352486
71352648
71352684
71352846
71352864
71358246
71358264
71358426
71358462
71358624
71358642
71362485
71362584
71364258
71364285
71364825
71364852
71368425
71368524
71384625
71385246
71385264
71386425
71425368
71425386
71425836
71425863
71426358
71426385
71426835
71426853
71428536
71428635
71462538
71462583
71462835
71462853
71463528
71463582
71463825
71463852
71468253
71468352
71482536
71482635
71483526
71483625
71485263
71485362
71486253
71486352
71524638
71524683
71524836
71524863
71526384
71526483
71528364
71528463
71536248
71536284
71536428
71536482
71536824
71536842
71538246
71538264
71538426
71538462
71538624
71538642
71582463
71583624
71583642
71584263
71624835
71624853
71625384
71635248
71635284
71635824
71635842
71638425
71638524
71642538
71642583
71642835
71642853
71648253
71648352
71683524
71684253
71824635
71825364
71835246
71835264
71836425
71842536
71842635
71846253
71846352
71852463
71853624
71853642
71863524
71864253
72413586
72413685
72415368
72415386
72415836
72415863
72416358
72416385
72416835
72416853
72418536
72418635
72461358
72461385
72461538
72461583
72461835
72461853
72463158
72463185
72463518
72463581
72463815
72463851
72468135
72468153
72468315
72468351
72468513
72468531
72481536
72481635
72483516
72483615
72485136
72485163
72485316
72485361
72486135
72486153
72486315
72486351
72513648
72513684
72513846
72513864
72514638
72514683
72514836
72514863
72516384
72516483
72518364
72518463
72531468
72531486
72531648
72531684
72531846
72531864
72536148
72536184
72536418
72536481
72536814
72536841
72538146
72538164
72538416
72538461
72538614
72538641
72581364
72581463
72583146
72583164
72583614
72583641
72584136
72584163
72584613
72584631
72586314
72586413
72613584
72614835
72614853
72615384
72631485
72631584
72635148
72635184
72635814
72635841
72638415
72638514
72641358
72641385
72641538
72641583
72641835
72641853
72648135
72648153
72648315
72648351
72648513
72648531
72683514
72684135
72684153
72685314
72814635
72815364
72835146
72835164
72836415
72841536
72841635
72846135
72846153
72846315
72846351
72851364
72851463
72853146
72853164
72853614
72853641
72863514
72864135
72864153
73142586
73142685
73146258
73146285
73146825
73146852
73148526
73148625
73152468
73152486
73152648
73152684
73152846
73152864
73158246
73158264
73158426
73158462
73158624
73158642
73162485
73162584
73164258
73164285
73164825
73164852
73168425
73168524
73184625
73185246
73185264
73186425
73514268
73514286
73514628
73514682
73514826
73514862
73516248
73516284
73516428
73516482
73516824
73516842
73518246
73518264
73518426
73518462
73518624
73518642
73524168
73524186
73524618
73524681
73524816
73524861
73526148
73526184
73526418
73526481
73526814
73526841
73528146
73528164
73528416
73528461
73528614
73528641
73581426
73581462
73581624
73581642
73582416
73582461
73582614
73582641
73584162
73584261
73586142
73586241
73614258
73614285
73614825
73614852
73615248
73615284
73615824
73615842
73618425
73618524
73624158
73624185
73624815
73624851
73625148
73625184
73625814
73625841
73628415
73628514
73641528
73641582
73641825
73641852
73642518
73642581
73642815
73642851
73648152
73648251
73681425
73681524
73682415
73682514
73684152
73684251
73685142
73685241
73814625
73815246
73815264
73816425
73824615
73825146
73825164
73826415
73841526
73841625
73842516
73842615
73846152
73846251
73851426
73851462
73851624
73851642
73852416
73852461
73852614
73852641
73861425
73861524
73862415
73862514
73864152
73864251
74135268
74135286
74135826
74135862
74136258
74136285
74136825
74136852
74138526
74138625
74152638
74152683
74152836
74152863
74153628
74153682
74153826
74153862
74158263
74158362
74162538
74162583
74162835
74162853
74163528
74163582
74163825
74163852
74168253
74168352
74182536
74182635
74183526
74183625
74185263
74185362
74186253
74186352
74251368
74251386
74251638
74251683
74251836
74251863
74253168
74253186
74253618
74253681
74253816
74253861
74258136
74258163
74258316
74258361
74258613
74258631
74261358
74261385
74261538
74261583
74261835
74261853
74263158
74263185
74263518
74263581
74263815
74263851
74268135
74268153
74268315
74268351
74268513
74268531
74281536
74281635
74283516
74283615
74285136
74285163
74285316
74285361
74286135
74286153
74286315
74286351
74613528
74613582
74613825
74613852
74615283
74615382
74618253
74618352
74625138
74625183
74625318
74625381
74625813
74625831
74628135
74628153
74628315
74628351
74628513
74628531
74631528
74631582
74631825
74631852
74635182
74635281
74638152
74638251
74681352
74682513
74682531
74683152
74813526
74813625
74815263
74815362
74816253
74816352
74825136
74825163
74825316
74825361
74826135
74826153
74826315
74826351
74831526
74831625
74835162
74835261
74836152
74836251
74851362
74852613
74852631
74853162
74861352
74862513
74862531
74863152
75136248
75136284
75136428
75136482
75136824
75136842
75138246
75138264
75138426
75138462
75138624
75138642
75142638
75142683
75142836
75142863
75146283
75146382
75148263
75148362
75162483
75163824
75163842
75164283
75182463
75183624
75183642
75184263
75241368
75241386
75241638
75241683
75241836
75241863
75246138
75246183
75246318
75246381
75246813
75246831
75248136
75248163
75248316
75248361
75248613
75248631
75261384
75261483
75263148
75263184
75263814
75263841
75264138
75264183
75264813
75264831
75268314
75268413
75281364
75281463
75283146
75283164
75283614
75283641
75284136
75284163
75284613
75284631
75286314
75286413
75314268
75314286
75314628
75314682
75314826
75314862
75316248
75316284
75316428
75316482
75316824
75316842
75318246
75318264
75318426
75318462
75318624
75318642
75361428
75361482
75361824
75361842
75362418
75362481
75362814
75362841
75364182
75364281
75368142
75368241
75381426
75381462
75381624
75381642
75382416
75382461
75382614
75382641
75384162
75384261
75386142
75386241
75813624
75813642
75814263
75824136
75824163
75824613
75824631
75826314
75826413
75831426
75831462
75831624
75831642
75836142
75836241
75841362
75842613
75842631
75862413
75863142
81352647
81352746
81357246
81357264
81357426
81357462
81362475
81362574
81364257
81364275
81364725
81364752
81374625
81375246
81375264
81425736
81426357
81426375
81427536
81462537
81462573
81462735
81462753
81463527
81463572
81463725
81463752
81472536
81472635
81473526
81473625
81475263
81475362
81524637
81524736
81526374
81526473
81527364
81527463
81536247
81536274
81536427
81536472
81537246
81537264
81537426
81537462
81572463
81573624
81573642
81574263
81624735
81624753
81625374
81635247
81635274
81635724
81635742
81637425
81637524
81642537
81642573
81642735
81642753
81647253
81647352
81724635
81725364
81735246
81735264
81736425
81742536
81742635
81746253
81746352
81752463
81753624
81753642
82415736
82416357
82416375
82417536
82461357
82461375
82461537
82461573
82461735
82461753
82463157
82463175
82463517
82463571
82463715
82463751
82471536
82471635
82473516
82473615
82475136
82475163
82475316
82475361
82513647
82513746
82514637
82514736
82516374
82516473
82517364
82517463
82531647
82531746
82536147
82536174
82536417
82536471
82537146
82537164
82537416
82537461
82571364
82571463
82573146
82573164
82573614
82573641
82574136
82574163
82574613
82574631
82613574
82614735
82614753
82615374
82631475
82631574
82635147
82635174
82635714
82635741
82637415
82637514
82641357
82641375
82641537
82641573
82641735
82641753
82647135
82647153
82647315
82647351
82647513
82647531
82714635
82715364
82735146
82735164
82736415
82741536
82741635
82746135
82746153
82746315
82746351
82751364
82751463
82753146
82753164
82753614
82753641
83146257
83146275
83147526
83152647
83152746
83157246
83157264
83157426
83157462
83162475
83162574
83164257
83164275
83164725
83164752
83174625
83175246
83175264
83514627
83514726
83516247
83516274
83516427
83516472
83517246
83517264
83517426
83517462
83524617
83524716
83526147
83526174
83526417
83526471
83527146
83527164
83527416
83527461
83571426
83571462
83571624
83571642
83572416
83572461
83572614
83572641
83574162
83574261
83614257
83614275
83614725
83614752
83615247
83615274
83615724
83615742
83617425
83617524
83624157
83624175
83624715
83624751
83625147
83625174
83625714
83625741
83627415
83627514
83641527
83641572
83641725
83641752
83642517
83642571
83642715
83642751
83647152
83647251
83714625
83715246
83715264
83716425
83724615
83725146
83725164
83726415
83741526
83741625
83742516
83742615
83746152
83746251
83751426
83751462
83751624
83751642
83752416
83752461
83752614
83752641
84135726
84136257
84136275
84137526
84152637
84152736
84153627
84153726
84157263
84157362
84162537
84162573
84162735
84162753
84163527
84163572
84163725
84163752
84172536
84172635
84173526
84173625
84175263
84175362
84251637
84251736
84253617
84253716
84257136
84257163
84257316
84257361
84261357
84261375
84261537
84261573
84261735
84261753
84263157
84263175
84263517
84263571
84263715
84263751
84271536
84271635
84273516
84273615
84275136
84275163
84275316
84275361
84613527
84613572
84613725
84613752
84615273
84615372
84617253
84617352
84625137
84625173
84625317
84625371
84625713
84625731
84627135
84627153
84627315
84627351
84627513
84627531
84631527
84631572
84631725
84631752
84635172
84635271
84637152
84637251
84713526
84713625
84715263
84715362
84716253
84716352
84725136
84725163
84725316
84725361
84726135
84726153
84726315
84726351
84731526
84731625
84735162
84735261
84736152
84736251
84751362
84752613
84752631
84753162
85136247
85136274
85136427
85136472
85137246
85137264
85137426
85137462
85142637
85142736
85146273
85146372
85147263
85147362
85162473
85163724
85163742
85164273
85172463
85173624
85173642
85174263
85241637
85241736
85246137
85246173
85246317
85246371
85247136
85247163
85247316
85247361
85261374
85261473
85263147
85263174
85263714
85263741
85264137
85264173
85264713
85264731
85271364
85271463
85273146
85273164
85273614
85273641
85274136
85274163
85274613
85274631
85314627
85314726
85316247
85316274
85316427
85316472
85317246
85317264
85317426
85317462
85361427
85361472
85361724
85361742
85362417
85362471
85362714
85362741
85364172
85364271
85371426
85371462
85371624
85371642
85372416
85372461
85372614
85372641
85374162
85374261
85713624
85713642
85714263
85724136
85724163
85724613
85724631
85726314
85726413
85731426
85731462
85731624
85731642
85736142
85736241
85741362
85742613
85742631
86135247
86135274
86135724
86135742
86137425
86137524
86142537
86142573
86142735
86142753
86147253
86147352
86152473
86153724
86153742
86173524
86174253
86241357
86241375
86241537
86241573
86241735
86241753
86247135
86247153
86247315
86247351
86247513
86247531
86251374
86251473
86253147
86253174
86253714
86253741
86257314
86257413
86273514
86274135
86274153
86275314
86314257
86314275
86314725
86314752
86315247
86315274
86315724
86315742
86317425
86317524
86351427
86351472
86351724
86351742
86352417
86352471
86352714
86352741
86357142
86357241
86371425
86371524
86372415
86372514
86374152
86374251
86375142
86375241
86413527
86413572
86413725
86413752
86415273
86415372
86417253
86417352
86425137
86425173
86425317
86425371
86425713
86425731
86427135
86427153
86427315
86427351
86427513
86427531
86471352
86472513
86472531
86473152
